1 <= n <= 10^5
1 <= arr[i] <= 10^7

2 5 4 6 1 2 2 3 4 0

2 1
2 0

2 5 4 6 1 2 2 3 4 0
5 4
5 1
5 2
5 2
5 3
5 4
5 0

2 5 4 6 1 2 2 3 4 0
4 1
4 2
4 2
4 3
4 0

2 5 4 6 1 2 2 3 4 0
6 1
6 2
6 2
6 3
6 4
6 0

2 5 4 6 1 2 2 3 4 0
1 0
2 0
2 0
3 0
4 0

-------------------------
7 5 3 1
7 5
7 3
7 1

5 3
5 1
3 1

swapping...
7 5 3 1
5 7 3 1
5 3 7 1
5 3 1 7
3 5 1 7
3 1 5 7
1 3 5 7

sorting with merge sort...
7 5 3 1

7 5    3 1
5 7     1 3

1 3 5 7

sorting(quicksort)...

	7 5 3 1

      7 5      3  1
 
    7   5     3      1

    5 7     1 3
    
